1893;[1891895,3];[1893,1897];[1893,1899];[1893,1902];[1893,1907];[1893,1912];[1893,1917];[1893,1922];[1893,1927];[1893,1932];[1893,1937];[1893,1942];*;
1894;[1891895,3];[1893,1897];[1893,1899];[1893,1902];[1893,1907];[1893,1912];[1893,1917];[1893,1922];[1893,1927];[1893,1932];[1893,1937];[1893,1942];*;
1895;[1891895,3];[1893,1897];[1893,1899];[1893,1902];[1893,1907];[1893,1912];[1893,1917];[1893,1922];[1893,1927];[1893,1932];[1893,1937];[1893,1942];*;
1896;[1891898,6];[1893,1897];[1893,1899];[1893,1902];[1893,1907];[1893,1912];[1893,1917];[1893,1922];[1893,1927];[1893,1932];[1893,1937];[1893,1942];*;
1897;[1891898,6];[1893,1897];[1893,1899];[1893,1902];[1893,1907];[1893,1912];[1893,1917];[1893,1922];[1893,1927];[1893,1932];[1893,1937];[1893,1942];*;
1898;[1891898,6];[1898,1902];[1893,1899];[1893,1902];[1893,1907];[1893,1912];[1893,1917];[1893,1922];[1893,1927];[1893,1932];[1893,1937];[1893,1942];*;
1899;[1819019,9];[1898,1902];[1893,1899];[1893,1902];[1893,1907];[1893,1912];[1893,1917];[1893,1922];[1893,1927];[1893,1932];[1893,1937];[1893,1942];*;
1900;[1819019,9];[1898,1902];[1900,1906];[1893,1902];[1893,1907];[1893,1912];[1893,1917];[1893,1922];[1893,1927];[1893,1932];[1893,1937];[1893,1942];*;
1901;[1819019,9];[1898,1902];[1900,1906];[1893,1902];[1893,1907];[1893,1912];[1893,1917];[1893,1922];[1893,1927];[1893,1932];[1893,1937];[1893,1942];*;
1902;[1902,1904];[1898,1902];[1900,1906];[1893,1902];[1893,1907];[1893,1912];[1893,1917];[1893,1922];[1893,1927];[1893,1932];[1893,1937];[1893,1942];*;
1903;[1902,1904];[1903,1907];[1900,1906];[1903,1912];[1893,1907];[1893,1912];[1893,1917];[1893,1922];[1893,1927];[1893,1932];[1893,1937];[1893,1942];*;
1904;[1902,1904];[1903,1907];[1900,1906];[1903,1912];[1893,1907];[1893,1912];[1893,1917];[1893,1922];[1893,1927];[1893,1932];[1893,1937];[1893,1942];*;
1905;[1905,1907];[1903,1907];[1900,1906];[1903,1912];[1893,1907];[1893,1912];[1893,1917];[1893,1922];[1893,1927];[1893,1932];[1893,1937];[1893,1942];*;
1906;[1905,1907];[1903,1907];[1900,1906];[1903,1912];[1893,1907];[1893,1912];[1893,1917];[1893,1922];[1893,1927];[1893,1932];[1893,1937];[1893,1942];*;
1907;[1905,1907];[1903,1907];[1907,1913];[1903,1912];[1893,1907];[1893,1912];[1893,1917];[1893,1922];[1893,1927];[1893,1932];[1893,1937];[1893,1942];*;
1908;[1908,1910];[1908,1912];[1907,1913];[1903,1912];[1908,1922];[1893,1912];[1893,1917];[1893,1922];[1893,1927];[1893,1932];[1893,1937];[1893,1942];*;
1909;[1908,1910];[1908,1912];[1907,1913];[1903,1912];[1908,1922];[1893,1912];[1893,1917];[1893,1922];[1893,1927];[1893,1932];[1893,1937];[1893,1942];*;
1910;[1908,1910];[1908,1912];[1907,1913];[1903,1912];[1908,1922];[1893,1912];[1893,1917];[1893,1922];[1893,1927];[1893,1932];[1893,1937];[1893,1942];*;
1911;[1911,1913];[1908,1912];[1907,1913];[1903,1912];[1908,1922];[1893,1912];[1893,1917];[1893,1922];[1893,1927];[1893,1932];[1893,1937];[1893,1942];*;
1912;[1911,1913];[1908,1912];[1907,1913];[1903,1912];[1908,1922];[1893,1912];[1893,1917];[1893,1922];[1893,1927];[1893,1932];[1893,1937];[1893,1942];*;
1913;[1911,1913];[1913,1917];[1907,1913];[1913,1922];[1908,1922];[1913,1932];[1893,1917];[1893,1922];[1893,1927];[1893,1932];[1893,1937];[1893,1942];*;
1914;[1914,1916];[1913,1917];[1914,1920];[1913,1922];[1908,1922];[1913,1932];[1893,1917];[1893,1922];[1893,1927];[1893,1932];[1893,1937];[1893,1942];*;
1915;[1914,1916];[1913,1917];[1914,1920];[1913,1922];[1908,1922];[1913,1932];[1893,1917];[1893,1922];[1893,1927];[1893,1932];[1893,1937];[1893,1942];*;
1916;[1914,1916];[1913,1917];[1914,1920];[1913,1922];[1908,1922];[1913,1932];[1893,1917];[1893,1922];[1893,1927];[1893,1932];[1893,1937];[1893,1942];*;
1917;[1917,1919];[1913,1917];[1914,1920];[1913,1922];[1908,1922];[1913,1932];[1893,1917];[1893,1922];[1893,1927];[1893,1932];[1893,1937];[1893,1942];*;
1918;[1917,1919];[1918,1922];[1914,1920];[1913,1922];[1908,1922];[1913,1932];[1918,1942];[1893,1922];[1893,1927];[1893,1932];[1893,1937];[1893,1942];*;
1919;[1917,1919];[1918,1922];[1914,1920];[1913,1922];[1908,1922];[1913,1932];[1918,1942];[1893,1922];[1893,1927];[1893,1932];[1893,1937];[1893,1942];*;
1920;[1920,1922];[1918,1922];[1914,1920];[1913,1922];[1908,1922];[1913,1932];[1918,1942];[1893,1922];[1893,1927];[1893,1932];[1893,1937];[1893,1942];*;
1921;[1920,1922];[1918,1922];[1921,1927];[1913,1922];[1908,1922];[1913,1932];[1918,1942];[1893,1922];[1893,1927];[1893,1932];[1893,1937];[1893,1942];*;
1922;[1920,1922];[1918,1922];[1921,1927];[1913,1922];[1908,1922];[1913,1932];[1918,1942];[1893,1922];[1893,1927];[1893,1932];[1893,1937];[1893,1942];*;
1923;[1923,1925];[1923,1927];[1921,1927];[1923,1932];[1923,1937];[1913,1932];[1918,1942];[1923,1952];[1893,1927];[1893,1932];[1893,1937];[1893,1942];*;
1924;[1923,1925];[1923,1927];[1921,1927];[1923,1932];[1923,1937];[1913,1932];[1918,1942];[1923,1952];[1893,1927];[1893,1932];[1893,1937];[1893,1942];*;
1925;[1923,1925];[1923,1927];[1921,1927];[1923,1932];[1923,1937];[1913,1932];[1918,1942];[1923,1952];[1893,1927];[1893,1932];[1893,1937];[1893,1942];*;
1926;[1926,1928];[1923,1927];[1921,1927];[1923,1932];[1923,1937];[1913,1932];[1918,1942];[1923,1952];[1893,1927];[1893,1932];[1893,1937];[1893,1942];*;
1927;[1926,1928];[1923,1927];[1921,1927];[1923,1932];[1923,1937];[1913,1932];[1918,1942];[1923,1952];[1893,1927];[1893,1932];[1893,1937];[1893,1942];*;
1928;[1926,1928];[1928,1932];[1928,1934];[1923,1932];[1923,1937];[1913,1932];[1918,1942];[1923,1952];[1928,1962];[1893,1932];[1893,1937];[1893,1942];*;
1929;[1929,1931];[1928,1932];[1928,1934];[1923,1932];[1923,1937];[1913,1932];[1918,1942];[1923,1952];[1928,1962];[1893,1932];[1893,1937];[1893,1942];*;
1930;[1929,1931];[1928,1932];[1928,1934];[1923,1932];[1923,1937];[1913,1932];[1918,1942];[1923,1952];[1928,1962];[1893,1932];[1893,1937];[1893,1942];*;
1931;[1929,1931];[1928,1932];[1928,1934];[1923,1932];[1923,1937];[1913,1932];[1918,1942];[1923,1952];[1928,1962];[1893,1932];[1893,1937];[1893,1942];*;
1932;[1932,1934];[1928,1932];[1928,1934];[1923,1932];[1923,1937];[1913,1932];[1918,1942];[1923,1952];[1928,1962];[1893,1932];[1893,1937];[1893,1942];*;
1933;[1932,1934];[1933,1937];[1928,1934];[1933,1942];[1923,1937];[1933,1952];[1918,1942];[1923,1952];[1928,1962];[1933,1972];[1893,1937];[1893,1942];*;
1934;[1932,1934];[1933,1937];[1928,1934];[1933,1942];[1923,1937];[1933,1952];[1918,1942];[1923,1952];[1928,1962];[1933,1972];[1893,1937];[1893,1942];*;
1935;[1935,1937];[1933,1937];[1935,1941];[1933,1942];[1923,1937];[1933,1952];[1918,1942];[1923,1952];[1928,1962];[1933,1972];[1893,1937];[1893,1942];*;
1936;[1935,1937];[1933,1937];[1935,1941];[1933,1942];[1923,1937];[1933,1952];[1918,1942];[1923,1952];[1928,1962];[1933,1972];[1893,1937];[1893,1942];*;
1937;[1935,1937];[1933,1937];[1935,1941];[1933,1942];[1923,1937];[1933,1952];[1918,1942];[1923,1952];[1928,1962];[1933,1972];[1893,1937];[1893,1942];*;
1938;[1938,1940];[1938,1942];[1935,1941];[1933,1942];[1938,1952];[1933,1952];[1918,1942];[1923,1952];[1928,1962];[1933,1972];[1938,1982];[1893,1942];*;
1939;[1938,1940];[1938,1942];[1935,1941];[1933,1942];[1938,1952];[1933,1952];[1918,1942];[1923,1952];[1928,1962];[1933,1972];[1938,1982];[1893,1942];*;
1940;[1938,1940];[1938,1942];[1935,1941];[1933,1942];[1938,1952];[1933,1952];[1918,1942];[1923,1952];[1928,1962];[1933,1972];[1938,1982];[1893,1942];*;
1941;[1941,1943];[1938,1942];[1935,1941];[1933,1942];[1938,1952];[1933,1952];[1918,1942];[1923,1952];[1928,1962];[1933,1972];[1938,1982];[1893,1942];*;
1942;[1941,1943];[1938,1942];[1942,1948];[1933,1942];[1938,1952];[1933,1952];[1918,1942];[1923,1952];[1928,1962];[1933,1972];[1938,1982];[1893,1942];*;
1943;[1941,1943];[1943,1947];[1942,1948];[1943,1952];[1938,1952];[1933,1952];[1943,1967];[1923,1952];[1928,1962];[1933,1972];[1938,1982];[1943,1992];*;
1944;[1944,1946];[1943,1947];[1942,1948];[1943,1952];[1938,1952];[1933,1952];[1943,1967];[1923,1952];[1928,1962];[1933,1972];[1938,1982];[1943,1992];*;
1945;[1944,1946];[1943,1947];[1942,1948];[1943,1952];[1938,1952];[1933,1952];[1943,1967];[1923,1952];[1928,1962];[1933,1972];[1938,1982];[1943,1992];*;
1946;[1944,1946];[1943,1947];[1942,1948];[1943,1952];[1938,1952];[1933,1952];[1943,1967];[1923,1952];[1928,1962];[1933,1972];[1938,1982];[1943,1992];*;
1947;[1947,1949];[1943,1947];[1942,1948];[1943,1952];[1938,1952];[1933,1952];[1943,1967];[1923,1952];[1928,1962];[1933,1972];[1938,1982];[1943,1992];*;
1948;[1947,1949];[1948,1952];[1942,1948];[1943,1952];[1938,1952];[1933,1952];[1943,1967];[1923,1952];[1928,1962];[1933,1972];[1938,1982];[1943,1992];*;
1949;[1947,1949];[1948,1952];[1949,1955];[1943,1952];[1938,1952];[1933,1952];[1943,1967];[1923,1952];[1928,1962];[1933,1972];[1938,1982];[1943,1992];*;
1950;[1950,1952];[1948,1952];[1949,1955];[1943,1952];[1938,1952];[1933,1952];[1943,1967];[1923,1952];[1928,1962];[1933,1972];[1938,1982];[1943,1992];*;
1951;[1950,1952];[1948,1952];[1949,1955];[1943,1952];[1938,1952];[1933,1952];[1943,1967];[1923,1952];[1928,1962];[1933,1972];[1938,1982];[1943,1992];*;
1952;[1950,1952];[1948,1952];[1949,1955];[1943,1952];[1938,1952];[1933,1952];[1943,1967];[1923,1952];[1928,1962];[1933,1972];[1938,1982];[1943,1992];*;
1953;[1953,1955];[1953,1957];[1949,1955];[1953,1962];[1953,1967];[1953,1972];[1943,1967];[1953,1982];[1928,1962];[1933,1972];[1938,1982];[1943,1992];*;
1954;[1953,1955];[1953,1957];[1949,1955];[1953,1962];[1953,1967];[1953,1972];[1943,1967];[1953,1982];[1928,1962];[1933,1972];[1938,1982];[1943,1992];*;
1955;[1953,1955];[1953,1957];[1949,1955];[1953,1962];[1953,1967];[1953,1972];[1943,1967];[1953,1982];[1928,1962];[1933,1972];[1938,1982];[1943,1992];*;
1956;[1956,1958];[1953,1957];[1956,1962];[1953,1962];[1953,1967];[1953,1972];[1943,1967];[1953,1982];[1928,1962];[1933,1972];[1938,1982];[1943,1992];*;
1957;[1956,1958];[1953,1957];[1956,1962];[1953,1962];[1953,1967];[1953,1972];[1943,1967];[1953,1982];[1928,1962];[1933,1972];[1938,1982];[1943,1992];*;
1958;[1956,1958];[1958,1962];[1956,1962];[1953,1962];[1953,1967];[1953,1972];[1943,1967];[1953,1982];[1928,1962];[1933,1972];[1938,1982];[1943,1992];*;
1959;[1959,1961];[1958,1962];[1956,1962];[1953,1962];[1953,1967];[1953,1972];[1943,1967];[1953,1982];[1928,1962];[1933,1972];[1938,1982];[1943,1992];*;
1960;[1959,1961];[1958,1962];[1956,1962];[1953,1962];[1953,1967];[1953,1972];[1943,1967];[1953,1982];[1928,1962];[1933,1972];[1938,1982];[1943,1992];*;
1961;[1959,1961];[1958,1962];[1956,1962];[1953,1962];[1953,1967];[1953,1972];[1943,1967];[1953,1982];[1928,1962];[1933,1972];[1938,1982];[1943,1992];*;
1962;[1962,1964];[1958,1962];[1956,1962];[1953,1962];[1953,1967];[1953,1972];[1943,1967];[1953,1982];[1928,1962];[1933,1972];[1938,1982];[1943,1992];*;
1963;[1962,1964];[1963,1967];[1963,1969];[1963,1972];[1953,1967];[1953,1972];[1943,1967];[1953,1982];[1963,1992];[1933,1972];[1938,1982];[1943,1992];*;
1964;[1962,1964];[1963,1967];[1963,1969];[1963,1972];[1953,1967];[1953,1972];[1943,1967];[1953,1982];[1963,1992];[1933,1972];[1938,1982];[1943,1992];*;
1965;[1965,1967];[1963,1967];[1963,1969];[1963,1972];[1953,1967];[1953,1972];[1943,1967];[1953,1982];[1963,1992];[1933,1972];[1938,1982];[1943,1992];*;
1966;[1965,1967];[1963,1967];[1963,1969];[1963,1972];[1953,1967];[1953,1972];[1943,1967];[1953,1982];[1963,1992];[1933,1972];[1938,1982];[1943,1992];*;
1967;[1965,1967];[1963,1967];[1963,1969];[1963,1972];[1953,1967];[1953,1972];[1943,1967];[1953,1982];[1963,1992];[1933,1972];[1938,1982];[1943,1992];*;
1968;[1968,1970];[1968,1972];[1963,1969];[1963,1972];[1968,1982];[1953,1972];[1968,1992];[1953,1982];[1963,1992];[1933,1972];[1938,1982];[1943,1992];*;
1969;[1968,1970];[1968,1972];[1963,1969];[1963,1972];[1968,1982];[1953,1972];[1968,1992];[1953,1982];[1963,1992];[1933,1972];[1938,1982];[1943,1992];*;
1970;[1968,1970];[1968,1972];[1970,1976];[1963,1972];[1968,1982];[1953,1972];[1968,1992];[1953,1982];[1963,1992];[1933,1972];[1938,1982];[1943,1992];*;
1971;[1971,1973];[1968,1972];[1970,1976];[1963,1972];[1968,1982];[1953,1972];[1968,1992];[1953,1982];[1963,1992];[1933,1972];[1938,1982];[1943,1992];*;
1972;[1971,1973];[1968,1972];[1970,1976];[1963,1972];[1968,1982];[1953,1972];[1968,1992];[1953,1982];[1963,1992];[1933,1972];[1938,1982];[1943,1992];*;
1973;[1971,1973];[1973,1977];[1970,1976];[1973,1982];[1968,1982];[1973,1992];[1968,1992];[1953,1982];[1963,1992];[1973,1992];[1938,1982];[1943,1992];*;
1974;[1974,1976];[1973,1977];[1970,1976];[1973,1982];[1968,1982];[1973,1992];[1968,1992];[1953,1982];[1963,1992];[1973,1992];[1938,1982];[1943,1992];*;
1975;[1974,1976];[1973,1977];[1970,1976];[1973,1982];[1968,1982];[1973,1992];[1968,1992];[1953,1982];[1963,1992];[1973,1992];[1938,1982];[1943,1992];*;
1976;[1974,1976];[1973,1977];[1970,1976];[1973,1982];[1968,1982];[1973,1992];[1968,1992];[1953,1982];[1963,1992];[1973,1992];[1938,1982];[1943,1992];*;
1977;[1977,1979];[1973,1977];[1977,1983];[1973,1982];[1968,1982];[1973,1992];[1968,1992];[1953,1982];[1963,1992];[1973,1992];[1938,1982];[1943,1992];*;
1978;[1977,1979];[1978,1982];[1977,1983];[1973,1982];[1968,1982];[1973,1992];[1968,1992];[1953,1982];[1963,1992];[1973,1992];[1938,1982];[1943,1992];*;
1979;[1977,1979];[1978,1982];[1977,1983];[1973,1982];[1968,1982];[1973,1992];[1968,1992];[1953,1982];[1963,1992];[1973,1992];[1938,1982];[1943,1992];*;
1980;[1980,1982];[1978,1982];[1977,1983];[1973,1982];[1968,1982];[1973,1992];[1968,1992];[1953,1982];[1963,1992];[1973,1992];[1938,1982];[1943,1992];*;
1981;[1980,1982];[1978,1982];[1977,1983];[1973,1982];[1968,1982];[1973,1992];[1968,1992];[1953,1982];[1963,1992];[1973,1992];[1938,1982];[1943,1992];*;
1982;[1980,1982];[1978,1982];[1977,1983];[1973,1982];[1968,1982];[1973,1992];[1968,1992];[1953,1982];[1963,1992];[1973,1992];[1938,1982];[1943,1992];*;
1983;[1983,1985];[1983,1987];[1977,1983];[1983,1992];[1983,1992];[1973,1992];[1968,1992];[1983,1992];[1963,1992];[1973,1992];[1983,1992];[1943,1992];*;
1984;[1983,1985];[1983,1987];[119904,98];[1983,1992];[1983,1992];[1973,1992];[1968,1992];[1983,1992];[1963,1992];[1973,1992];[1983,1992];[1943,1992];*;
1985;[1983,1985];[1983,1987];[119904,98];[1983,1992];[1983,1992];[1973,1992];[1968,1992];[1983,1992];[1963,1992];[1973,1992];[1983,1992];[1943,1992];*;
1986;[1986,1988];[1983,1987];[119904,98];[1983,1992];[1983,1992];[1973,1992];[1968,1992];[1983,1992];[1963,1992];[1973,1992];[1983,1992];[1943,1992];*;
1987;[1986,1988];[1983,1987];[119904,98];[1983,1992];[1983,1992];[1973,1992];[1968,1992];[1983,1992];[1963,1992];[1973,1992];[1983,1992];[1943,1992];*;
1988;[1986,1988];[1988,1992];[119904,98];[1983,1992];[1983,1992];[1973,1992];[1968,1992];[1983,1992];[1963,1992];[1973,1992];[1983,1992];[1943,1992];*;
1989;[1989,1991];[1988,1992];[119904,98];[1983,1992];[1983,1992];[1973,1992];[1968,1992];[1983,1992];[1963,1992];[1973,1992];[1983,1992];[1943,1992];*;
1990;[1989,1991];[1988,1992];[119904,98];[1983,1992];[1983,1992];[1973,1992];[1968,1992];[1983,1992];[1963,1992];[1973,1992];[1983,1992];[1943,1992];*;
1991;[1989,1991];[1988,1992];[1991,1992];[1983,1992];[1983,1992];[1973,1992];[1968,1992];[1983,1992];[1963,1992];[1973,1992];[1983,1992];[1943,1992];*;
1992;[1992,1992];[1988,1992];[1991,1992];[1983,1992];[1983,1992];[1973,1992];[1968,1992];[1983,1992];[1963,1992];[1973,1992];[1983,1992];[1943,1992];*;
